
[34m[1mautoanchor: [0mAnalyzing anchors... anchors/target = 4.72, Best Possible Recall (BPR) = 1.0000
                 all         150         150       0.762       0.128      0.0947       0.028
                 all         150         150        0.18       0.552       0.235      0.0944
                 all         150         150       0.198       0.634       0.302       0.173
                 all         150         150       0.218       0.568       0.267       0.153
                 all         150         150       0.117       0.379       0.111      0.0501
                 all         150         150       0.493       0.381       0.212      0.0962
                 all         150         150     0.00892      0.0265     0.00116    0.000294
                 all         150         150       0.134       0.479       0.182      0.0857
                 all         150         150       0.568       0.329       0.278       0.158
                 all         150         150       0.166       0.743        0.34       0.201
                 all         150         150       0.262       0.604       0.365       0.208
                 all         150         150       0.252       0.666       0.363        0.22
                 all         150         150        0.29       0.559       0.372       0.229
                 all         150         150       0.241       0.647       0.366       0.219
                 all         150         150       0.298       0.586       0.358       0.218
                 all         150         150       0.262       0.696       0.391       0.228
                 all         150         150       0.392       0.617       0.422       0.244
                 all         150         150       0.274       0.624       0.365       0.231
                 all         150         150       0.304         0.6       0.401       0.242
                 all         150         150       0.334       0.597       0.429       0.264
                 all         150         150       0.381       0.612       0.453       0.286
                 all         150         150         0.3       0.621       0.396       0.252
                 all         150         150       0.331       0.566       0.433       0.254
                 all         150         150       0.331       0.562       0.425       0.277
                 all         150         150       0.403        0.51       0.438       0.278
                 all         150         150       0.353       0.606       0.453       0.284
                 all         150         150       0.319       0.637       0.433       0.279
                 all         150         150       0.409       0.467       0.445       0.292
                 all         150         150        0.37       0.558       0.442       0.269
                 all         150         150       0.341       0.599       0.468       0.289
                 all         150         150        0.33       0.525       0.437       0.281
                 all         150         150       0.437       0.569       0.504       0.327
                 all         150         150        0.44       0.636       0.511       0.311
                 all         150         150       0.452       0.565       0.496       0.314
                 all         150         150       0.465       0.573       0.544       0.314
                 all         150         150       0.485       0.537       0.512       0.309
                 all         150         150         0.4       0.557        0.49       0.292
                 all         150         150       0.457       0.595       0.509       0.294
                 all         150         150       0.584       0.479        0.53       0.336
                 all         150         150        0.41       0.599       0.503       0.274
                 all         150         150       0.493       0.646       0.566       0.344
                 all         150         150       0.637       0.524       0.549       0.339
                 all         150         150       0.487        0.57       0.541       0.323
                 all         150         150       0.635        0.58       0.609       0.381
                 all         150         150       0.402       0.638       0.515       0.321
                 all         150         150       0.506       0.555       0.529       0.347
                 all         150         150       0.498         0.6       0.535       0.319
                 all         150         150        0.53       0.618       0.583       0.359
                 all         150         150       0.526       0.569       0.574       0.363
                 all         150         150       0.471       0.641       0.559       0.336
                 all         150         150       0.423       0.653       0.546       0.351
                 all         150         150       0.602       0.605       0.604       0.358
                 all         150         150       0.452       0.655       0.564       0.354
                 all         150         150        0.47       0.605       0.534       0.329
                 all         150         150       0.463       0.613       0.523        0.32
                 all         150         150       0.532       0.643       0.596       0.363
                 all         150         150       0.587       0.596       0.591       0.355
                 all         150         150       0.496       0.701        0.61       0.371
                 all         150         150       0.485       0.676       0.587       0.386
                 all         150         150       0.592       0.662       0.643       0.407
                 all         150         150       0.505       0.657       0.586       0.354
                 all         150         150       0.457       0.672        0.59       0.368
                 all         150         150       0.569       0.641        0.65       0.419
                 all         150         150       0.541       0.668       0.629       0.383
                 all         150         150       0.608       0.733       0.664       0.398
                 all         150         150        0.55       0.632       0.614       0.383
                 all         150         150       0.621       0.647       0.633       0.394
                 all         150         150       0.615        0.65       0.648       0.383
                 all         150         150       0.699       0.682       0.719        0.44
                 all         150         150       0.458       0.755        0.64       0.395
                 all         150         150       0.629       0.666       0.673       0.398
                 all         150         150       0.591       0.677       0.665       0.393
                 all         150         150       0.637       0.628       0.655       0.425
                 all         150         150       0.523       0.709       0.621       0.383
                 all         150         150       0.476       0.696       0.582       0.357
                 all         150         150       0.567       0.627        0.62       0.384
                 all         150         150       0.636       0.632       0.659       0.413
                 all         150         150       0.631       0.538       0.595       0.365
                 all         150         150       0.533       0.691       0.659       0.417
                 all         150         150       0.566       0.682       0.671       0.427
                 all         150         150       0.607       0.583       0.609       0.373
                 all         150         150       0.601       0.642       0.625       0.386
                 all         150         150       0.545       0.674       0.638       0.397
                 all         150         150       0.559       0.608       0.615       0.381
                 all         150         150       0.503       0.682       0.618        0.37
                 all         150         150       0.503       0.707       0.588       0.366
                 all         150         150       0.612       0.619       0.624       0.403
                 all         150         150       0.511       0.661       0.572        0.37
                 all         150         150       0.481       0.658       0.587         0.4
                 all         150         150        0.55       0.676       0.622       0.385
